22.96
22.99
23.41
23.85
23.18
23.85
23.9
24.1
24.35
24.05
23.66
21.99
21.94
21.8
22.34
21.31
21.02
20.87
21.33
20.62
20.28
20.75
20.22
20.07
20.27
19.91
20.25
19.85
19.85
20.08
20.64
21.34
21.04
20.7
21.12
20.64
20.74
20.25
20.22
20.32
20.19
19.78
20.1
19.96
20.2
19.68
19.55
20.06
21.16
21.32
22.24
22.33
22.57
22.51
22.79
21.69
21.86
21.65
21.47
21.16
20.76
20.88
22.06
22.06
21.52
21.58
21.94
21.07
21.09
20.75
21.23
21.1
21.37
21.87
21.62
22.09
22.06
21.86
21.63
22.07
22.12
21.93
22.06
22.38
22.18
22.61
22.29
22.07
22.6
22.47
22.29
21.97
22.12
21.93
21.23
21.12
20.61
20.72
20.77
21.26
20.93
20.92
21.1
21.13
21.34
21.33
20.66
20.3
20.37
21.16
21.34
21.43
21.14
21.77
22.26
22.36
22.36
22.58
22.11
22.04
21.66
22.08
21.98
21.99
22.42
23.05
22.73
23.51
23.75
23.56
23.08
23.42
23.5
23.39
23.6
22.89
23.06
22.33
22.62
22.68
22.3
23.06
22.82
22.7
22.49
22.65
22.44
22.45
22
22
22.05
21.94
21.96
22.06
21.95
21.98
21.9
22.04
22.83
22.68
22.5
22.48
22.73
22.79
22.66
22.73
22.74
23.38
24.27
24.38
24.34
24.73
24.33
23.63
23.87
24.3
24.32
24.78
24.44
25.3
25.69
24.93
25.38
24.41
24.22
24.17
24.72
23.84
24.46
24.44
24.94
25.03
24.99
24.71
24.82
24.79
24.68
24.59
25.07
25.21
24.95
25.31
25.31
24.91
24.93
22.95
23.21
23.46
23.06
22.52
22.54
23.01
22.48
22.51
22.62
22.51
22.42
22.25
22.4
22.15
21.99
21.69
21.69
21.86
21.65
21.65
22.19
21.9
21.95
22.17
22.28
22.13
22.14
22.59
22.4
22.63
22.75
22.93
22.95
22.98
23.06
23.34
23.32
23.63
23.59
23.44
23.41
23.32
23.46
23.68
23.73
23.6
23.67
24.27
24.35
24.33
24.28
23.85
23.78
23.65
23.89
23.75
23.98
24.23
24.4
24.15
24.56
24.84
24.36
23.9
24.07
23.84
23.63
23.53
23.29
23.25
23.35
23.2
23.3
23.41
23.24
22.93
23.28
23.09
22.82
22.91
22.95
23.18
23.03
22.85
22.88
23.03
22.76
22.74
22.74
22.72
22.27
22.18
21.88
21.64
21.89
21.7
21.71
21.67
21.46
21.24
21.13
20.83
21.05
21.72
21.58
21.83
21.73
21.5
21.63
22.29
22.38
22.25
22.07
21.97
22.09
21.95
22
21.75
21.7
22.02
21.84
21.95
22.38
23.75
23.49
23.47
22.9
22.84
22.53
22.72
22.71
22.68
22.52
22.23
22.36
22.37
22.37
22.51
22.3
22.02
22.27
22.09
22.19
22.33
22.21
22.51
22.54
22.59
22.62
22.52
22.53
22.33
22.38
22.79
22.94
22.83
23.09
23.2
23.64
23.56
23.95
24.45
24.45
24.4
24.4
24.48
24.64
24.39
24.58
24.63
24.69
24.64
24.16
24.23
23.84
24.03
24.05
23.8
24.26
24.03
23.7
24.1
24.42
24.89
25.01
24.17
24.72
24.53
24.65
24.56
24.57
24.59
24.21
24.2
23.74
23.4
23.44
23.9
23.64
23.18
23.3
23.36
23.33
23.68
23.39
23.46
23.56
23.56
23.83
23.73
23.75
23.61
23.61
23.69
23.89
23.45
23.66
23.58
23.59
23.78
23.57
23.73
23.52
23.58
23.79
23.79
23.58
23.46
23.66
23.6
23.52
23.59
23.85
23.91
24.43
24.32
24.55
24.68
24.36
24.21
24.27
24.24
24.24
24.04
24.21
24.57
24.37
24.82
24.7
23.99
23.9
24.13
24.35
24.23
24.19
24.29
24.42
24.62
25.08
25.35
25.32
25.75
25.71
25.93
25.92
26.4
26.14
26.19
26.09
25.89
25.69
25.57
25.68
25.64
25.81
25.84
26.27
26.11
26.25
26.35
26.09
26.37
26.25
26.1
26.27
26.25
26.13
26.18
25.99
25.98
26.09
26
26.04
25.88
25.98
25.93
25.8
25.76
25.78
25.87
25.82
25.79
25.71
25.83
25.77
25.82
25.32
25.18
25.37
25.04
24.93
24.73
24.75
25.08
25.07
25.17
25.24
25.33
25.44
25.51
25.24
25.37
25.22
25.29
25.13
25.12
25.03
25.07
25.07
24.94
24.8
24.64
24.4
24.37
24.53
24.42
24.33
24.44
24.43
24.34
24.34
24.63
24.56
24.47
24.59
24.26
24.28
24.09
23.82
23.73
23.51
23.4
23.2
23.38
23.48
23.4
23.13
23.36
23.37
23.32
23.43
23.66
23.85
24.27
24.12
24.14
24.48
24.21
24.02
23.65
23.84
23.82
23.52
24.44
24.15
24.16
23.94
24.16
23.64
24.46
24.4
24.52
24.38
24.4
24.39
24.28
24.08
24.09
24.17
24.46
24.73
24.7
24.93
25.14
24.97
25.07
24.98
24.94
25.12
25.29
25.03
25.04
25.02
24.67
24.61
24.75
24.64
24.75
24.67
24.55
24.6
24.5
24.29
24.29
24.36
24.4
24.32
24.55
24.29
24.3
24.32
24.34
24.1
23.97
24.23
23.96
23.91
24.34
24.53
24.84
24.89
25.19
25.02
24.78
25.38
25.4
25.65
24.91
24.92
24.77
24.95
24.98
24.84
25.14
26.01
26.43
26.5
26.93
26.32
26.53
26.14
26.45
26.24
26.39
26.02
26.22
26.09
26
26.18
26.14
26.08
26.3
26.24
26.41
26.44
26.64
26.46
26.29
26.27
26.12
25.89
25.86
25.89
25.76
25.6
25.56
25.36
25.3
25.14
24.8
24.65
24.58
24.58
24.65
24.97
25.24
25.03
24.81
24.3
24
24.06
23.92
23.8
23.75
23.64
23.92
24
23.86
23.9
24.41
24.12
24.11
24.42
24.35
24.43
24.18
24.84
25
25.26
25.74
25.72
25.94
26.28
26.32
26.23
26.36
26.54
26.63
26.83
27.07
27.29
27.39
27.48
27.23
27.24
27.09
27.08
27.01
27.01
27.21
27.33
27.17
27.02
27.08
27.02
27.04
26.78
26.47
26.43
26.27
26.25
26.18
26.21
26.08
25.94
25.99
25.82
25.75
25.63
25.52
26.19
26.32
26.34
26.26
26.21
26.35
26.63
26.48
26.53
26.34
26.18
26.36
25.77
25.71
25.64
25.76
25.86
27.12
27.32
27.47
27.36
27.01
26.87
26.51
26.29
26.26
26.01
26.04
25.75
26
26.32
26.25
26.14
25.98
26.16
26.1
26.07
26.48
26.31
26.57
26.4
26.37
26.35
26.49
26.68
26.43
26.6
26.54
26.66
26.79
26.7
26.92
27.31
27.16
26.58
26.29
26.44
26.44
26.34
26.45
26.66
26.64
26.98
27.06
27.16
26.98
26.68
26.72
26.56
26.63
26.5
26.28
26.65
26.46
26.46
26.58
26.54
26.54
26.53
26.68
23.64
23.78
23.51
22.68
22.95
23.3
23.23
23.13
23.27
22.73
22.68
22.75
22.62
22.34
22.44
22.17
22.49
22.4
23.1
23.33
23.31
22.75
22.26
22.43
22.37
22.11
21.75
21.66
21.73
21.54
21.34
21.14
21.51
21.69
21.72
22.16
22.17
22.68
22.49
22.11
22.43
22.47
22.76
23.07
22.9
23.29
22.95
23.08
22.9
23.1
22.7
22.25
21.88
21.91
22.09
22.35
23
22.46
23.46
23.59
23.8
23.95
23.46
23.83
23.65
23.58
23.88
23.8
23.87
23.8
23.92
24.02
24.04
24.01
24.11
24.29
24.37
24.37
25.44
25.77
25.27
25.32
25.39
25.5
25.6
25.49
25.45
25.35
25.49
25.26
25.26
25.09
25.25
25.56
25.58
25.63
25.97
26.49
26.43
26.5
26.81
26.54
26.3
26.59
26.83
27.07
27.03
26.98
26.99
27
27.56
27.54
27.49
27.35
27.32
27.17
27.84
27.99
28.07
28.06
28.13
27.91
28.05
28.07
27.9
27.93
27.97
27.96
28.14
28.32
28.42
28.38
28.34
28.45
28.56
28.59
28.86
28.84
28.95
28.93
28.82
29.17
29.1
29.59
29.62
29.62
29.46
29.18
29.09
29.27
29.06
28.82
29.03
28.83
28.7
28.56
29.1
29.24
29.13
29.25
29.77
29.88
29.59
29.69
29.78
29.68
29.34
29.69
29.72
29.68
29.56
29.56
29.51
29.34
29.63
29.66
29.36
30.39
30.89
30.84
30.78
30.69
30.79
30.41
30.43
30.77
30.14
30.29
30.22
30.17
30.55
30.25
29.88
29.31
29.21
29.07
28.96
28.69
28.65
28.82
29.2
29.26
28.55
28.64
29.15
29.19
28.71
28.87
27.68
27.98
27.9
27.57
27.37
27.64
27.42
27.14
27.11
27.26
26.54
27.22
27.1
27.15
27.64
27.65
28.33
28.08
27.83
28.03
27.53
27.45
27.56
27.68
27.55
27.68
28.31
28.36
28.38
28.21
27.92
28.35
28.42
28.54
28.66
28.41
28.5
28.83
28.59
28.6
28.8
28.9
29.92
29.74
30.2
30.4
30.76
30.35
30.5
30.54
30.57
30.37
30.68
30.76
30.79
30.96
30.87
30.72
30.94
30.58
30.47
30.06
30.37
30.68
31
30.58
30.48
30.61
30.47
30.18
29.52
29.95
29.92
29.75
30.28
30.41
30.38
30.4
30.35
29.91
30.11
29.39
29.39
29.42
29.77
29.73
29.37
29.64
29.92
29.89
29.87
29.77
29.23
29.39
29.96
29.72
29.93
30.67
30.81
31.4
31.05
31.08
30.69
30.6
29.88
29.29
29.3
28.89
29.2
29.42
28.86
29.44
29.45
29.9
29.2
28.61
28.53
28.27
28.1
27.81
28.25
28.26
28.07
28.22
28.3
28.81
28.49
27.93
28.59
28.45
28.73
28.81
28.48
28.91
28.44
28.48
