0.537444
0.360822
0.819683
0.325390
0.664038
-0.028263
-0.126064
0.294938
0.792403
0.865732
1.182367
0.616662
0.677887
0.557201
1.644890
-0.032065
0.149467
0.361391
-0.022097
2.188117
-0.061811
1.034066
1.248941
1.093606
0.316737
0.779014
1.316873
1.256944
1.006474
1.956262
1.451240
1.501432
0.570790
0.184676
0.885316
0.984324
0.356125
0.724445
0.277184
1.690948
0.300604
-0.162832
-0.356888
1.238132
0.917453
0.793108
0.546009
-0.428308
-0.118225
0.347041
0.227078
-0.629009
0.650752
0.768345
-0.316930
-0.585174
-0.374629
-0.434629
0.026678
-0.548760
-0.075731
-0.816438
0.261040
-0.401710
-1.253934
-0.821030
-0.799992
-0.588259
-0.322289
-1.166164
-0.880836
-0.779876
-0.915821
-1.627325
-0.764443
-1.494992
-0.252353
-0.710997
-0.658636
-0.655702
-1.489479
-1.108100
0.531608
-1.835588
-1.345028
-1.448045
-0.498541
-0.445717
-1.074412
0.201241
-0.150095
-1.330501
0.901961
-0.517576
-0.576874
-0.791974
-0.791655
0.507475
0.505939
-0.514722
